-0.930824
-2.13407
-0.345917
-0.881051
0.430981
-1.36816
3.261
-2.01631
-3.48934
-0.468313
2.01729
1.26872
-0.977165
-1.11273
0.0194097
0.170745
-1.76705
-2.07895
1.84664
-1.94619
-1.08518
1.70366
1.84741
1.30878
1.42718
-3.75262
1.18416
1.18874
-1.82352
0.169528
-0.160214
1.71582
-1.56861
0.615687
-1.88267
-0.934267
0.592717
-0.20457
0.680943
-2.11714
-0.264774
-2.23103
1.04277
0.598839
2.04146
-1.54085
0.164221
0.241221
-0.896413
-0.0965097
-2.08454
-0.632973
-0.351305
-1.32555
-1.15667
-0.505887
1.54679
-0.522831
2.6693
-1.20366
-1.80731
-1.34471
-1.84991
-2.86814
-2.64733
1.25476
-0.204984
-0.686087
-1.19649
-0.420009
-2.61762
0.629375
-0.803637
-0.766055
0.277372
-2.11457
-0.614103
1.17913
-0.40283
-0.758317
0.772997
-0.702002
0.965353
-0.457087
1.07573
-3.68338
0.984927
2.1913
-1.73078
-2.1288
0.127073
0.371932
1.04755
0.283168
0.486015
-1.57983
-0.152563
-1.74325
-4.82661
0.133756
