-2.59693 -13.051 2.85409 0.594871 -11.3207 -2.32149 0.976257 5.84837 -2.00101 -7.02732 -3.28433 3.68722 -3.59663 3.98623 -0.712813 0.564649 -1.76545 -6.48435 4.73951 2.76335 0.862514 -7.4471 -4.2497 6.17519 -1.68384 -0.27581 -0.719122 -5.03692 -0.954337 -2.97
-4.95613 2.03106 2.1762 -2.27151 -3.7643 4.80731 0.757175 -0.741971 5.19294 0.989425 -5.74927 -4.58929 2.96637 -3.64482 7.70406 1.86693 -3.74621 3.26068 -7.18228 -2.41321 -0.799421 -2.94085 -3.64069 -6.49327 6.69366 -4.12038 4.18791 -6.28425 5.69956 -1.56029
1.4495 9.34725 -3.52834 3.48644 -8.31084 7.29991 -2.0409 2.52267 2.55252 -1.89444 2.99552 -1.16915 7.34024 6.52091 -4.14282 -1.35674 6.61342 1.35623 -3.46055 1.34467 0.897017 -12.0617 -12.3336 3.41537 -4.38558 -2.90763 -2.32789 -10.6784 -9.97132 3.58772
-5.12966 5.31902 -5.03175 7.70197 -0.477752 8.11965 0.470681 2.222 -1.15777 3.44846 -0.27627 2.4457 -12.9785 -8.56604 -4.93822 0.506993 -1.47864 1.07518 -0.587042 -0.68382 -5.16722 -10.3968 -11.9233 7.10932 -0.243483 2.25184 2.65565 7.31277 -1.2112 5.07447
10.0264 -11.823 2.02985 -0.00497301 6.17706 0.628665 -1.46832 -4.43054 8.32771 -0.514879 6.10106 -8.10604 -1.83868 -0.112431 1.30988 -4.31633 -0.288239 -9.86714 -9.12607 5.30972 -1.52209 -6.36972 -5.39428 0.62912 1.33296 -8.21717 -7.79288 -1.0743 -6.24175 -0.728351
-1.44367 -2.9263 8.62965 -7.74685 5.85137 -14.9469 -0.957077 -7.19692 -0.0283351 2.78824 1.01426 10.7596 3.61034 -6.15153 2.70497 -1.72879 0.0210393 0.273587 2.08814 2.25236 3.59634 -7.5528 -6.99236 -6.90438 -2.83211 -0.840319 -5.57985 3.91261 12.0162 6.50233
0.921475 -8.16324 1.12534 -2.21033 -4.28051 -6.96991 -1.05427 -6.69843 -3.61221 -1.70838 3.42815 -0.924211 -4.80782 6.1485 -6.93912 -1.26607 -5.49143 9.94639 -6.12792 1.93771 1.87673 -6.14782 -5.3526 -1.16894 -2.5407 0.867147 5.55954 -6.40357 3.12313 -7.54669
4.15662 8.12315 2.26212 -0.890461 7.13311 -3.27502 -0.897716 1.02578 -2.2778 -2.53586 -1.43769 -5.19836 -0.459259 -5.84098 0.218102 6.22751 1.71159 -9.94243 5.80548 -5.79213 -2.78964 -9.85985 -6.62805 0.401508 -3.31277 0.22913 4.90228 -4.84403 0.838737 -5.26205
-12.8654 -7.2088 -8.99025 3.59269 -2.66584 -1.77087 0.831004 -4.25185 -0.245152 9.19292 -2.53053 -1.83069 -4.77913 -2.89029 2.91187 -1.75113 4.95868 -1.08435 -5.48647 1.97486 2.9583 -8.76009 -6.34106 6.89392 -5.51985 -0.360277 -4.90184 -6.02902 -5.45379 -5.47936
6.81072 -10.6021 -2.22879 -2.56574 1.84505 0.955452 -0.172292 1.21707 -12.2876 1.40684 -8.59667 -8.22956 -0.50511 2.61554 0.686172 -4.97499 -2.27789 -3.53532 -4.98685 -8.41834 -0.874465 -5.72679 -5.30793 -1.27779 2.68661 10.0032 -5.52813 3.85921 0.42069 -2.16898
