-1.05258
0.114653
-0.5635
-0.541374
-1.02733
-0.766238
0.804037
-0.106842
-0.599356
0.727879
-1.38189
-1.22939
-0.944235
0.369318
0.642447
-0.875842
0.584295
-0.274785
2.09104
0.194934
-0.804325
-0.863794
-2.29235
0.84166
-1.09972
-0.8995
0.834822
-0.444495
3.11848
0.654766
0.0789822
-1.81023
-1.18009
1.16967
-1.64845
0.133715
-1.08501
-0.683665
-0.762505
0.457701
1.42772
-0.106698
0.442331
1.22977
-1.2023
-0.731749
-0.566768
-0.214099
-0.0499036
-2.19236
-2.83509
0.8934
-1.16332
-2.21256
-0.653316
-0.149966
-2.17472
-1.66927
-1.49518
-0.481295
-1.24914
-0.455078
-0.278154
-1.74631
-1.04474
-1.11934
-0.176345
0.279819
-1.00669
1.47158
0.941559
0.84749
-3.01694
-1.07837
0.572841
-0.201548
-1.59118
-0.91173
-1.197
1.23081
-0.654215
-0.0950255
1.4914
-1.40263
-2.03986
1.35341
-0.168786
-0.550191
1.34776
1.77299
2.26872
0.470328
-2.40765
2.27711
-1.30273
1.36403
-1.5936
-0.175022
-0.224975
-0.426916
-1.97054
-0.606078
0.737894
0.41041
-2.93271
0.0414305
-0.26943
-1.0799
-1.97797
0.719082
-1.49392
-0.481217
-0.628147
-2.61563
-0.842875
0.374557
4.53894
-0.397146
0.40208
0.988275
-0.0878527
3.64621
-1.63711
-0.668305
1.5235
-2.95515
-0.970117
-0.655361
-1.68422
0.869192
1.41864
-1.91293
-0.958529
-0.74221
-0.937167
0.0395645
-1.40616
1.10583
0.164643
-1.53966
0.3514
-0.950746
-0.179751
-1.88585
0.0876177
0.529922
-0.506066
-0.510155
-0.771998
0.269976
-0.751948
1.27556
-1.6932
-0.0843425
-1.57338
-0.0398656
0.556295
1.34436
-2.67449
-1.51107
-1.07418
-2.27302
0.721149
-1.08743
0.0403472
-1.62885
-0.86773
1.75375
-0.777326
1.97775
0.721224
-0.34602
-2.83709
-0.0623926
-1.165
-3.89304
0.0450628
-0.769885
-1.70589
-1.43038
0.84036
2.38515
0.994836
-1.25306
-1.09428
-1.20243
0.742309
0.904082
-0.305501
1.14716
-2.2675
0.065607
0.434944
0.272263
0.737514
-2.59365
-1.60814
1.14733
-1.24616
-1.06825
